0;20;16;12;2;15;25;45;30
20;0;5;10;16;12;3;65;25
16;5;0;7;15;14;2;60;27
12;10;7;0;13;2;10;35;30
2;16;15;13;0;15;17;47;35
15;12;14;2;15;0;18;57;30
25;3;2;10;17;18;0;70;20
45;65;60;35;47;57;70;0;90
30;25;27;30;35;30;20;90;0
