0;41;58;40;35;19;47;14;43;37
41;0;24;60;55;34;13;32;57;57
58;24;0;43;51;51;13;49;74;52
40;60;43;0;12;30;48;29;27;10
35;55;51;12;0;25;61;24;22; 5
19;34;51;30;25;0;40; 8;33;27
47;13;13;48;61;40;0;38;63;62
14;32;49;29;24; 8;38;0;32;26
43;57;74;27;22;33;63;32;0;25
37;57;52;10; 5;27;62;26;25;0
